34
1.9952623149688788 0.31622776601683794 0.05000000000000093 0.05 0.01 -1.293 -1.232 6.393442622950824 2.9344262295082038 16.442622950819683 0.5573770491803325 1.0327868852459052 
1.9952623149688788 1.0 8.881784197001252e-16 0.05 0.01 -0.899 -0.7999999999999998 3.2626262626262554 4.868686868686856 4.7676767676767575 3.26262626262626 0.9999999999999956 
1.9952623149688788 1.0 8.881784197001252e-16 0.1 0.01 -0.9020000000000001 -0.782 1.3583333333333343 5.158333333333327 5.1583333333333306 1.3583333333333305 1.0 
1.9952623149688788 1.0 8.881784197001252e-16 3.0500000000000003 0.01 -0.903 -0.7839999999999998 1.5630252100840303 5.067226890756292 4.983193277310915 1.563025210084034 0.9999999999999962 
1.9952623149688788 1.0 8.881784197001252e-16 3.1 0.01 -0.8959999999999999 -0.8050000000000002 3.945054945054961 5.3186813186813335 4.494505494505505 3.934065934065946 1.0 
0.7943282347242812 0.1 -0.0999999999999992 1.1500000000000001 0.001 -0.1299999999999999 -0.09600000000000009 3.6470588235294357 11.647058823529475 1.5588235294117716 4.970588235294147 0.1764705882353018 
0.7943282347242812 0.1 -0.0999999999999992 2.0 0.001 -0.6499999999999999 -0.6320000000000001 7.555555555555649 3.5555555555555993 22.388888888889145 6.888888888888974 1.8888888888889 
0.7943282347242812 0.1 -0.049999999999999156 1.05 0.001 -0.11099999999999977 -0.03600000000000003 0.8533333333333372 5.133333333333355 0.7866666666666657 1.866666666666675 0.5466666666666676 
0.7943282347242812 0.31622776601683794 -0.1999999999999993 1.55 0.001 -0.8130000000000002 -0.7930000000000001 4.0 9.2 26.599999999999977 28.699999999999967 11.0 
0.7943282347242812 0.31622776601683794 -0.14999999999999925 1.55 0.001 -0.8700000000000001 -0.536 0.29041916167664655 1.3233532934131738 1.4371257485029936 0.383233532934132 0.6886227544910177 
0.7943282347242812 0.31622776601683794 -0.14999999999999925 1.6 0.001 -0.8319999999999999 -0.633 0.7035175879396997 2.4572864321608052 2.180904522613068 0.4723618090452258 1.753768844221108 
0.7943282347242812 0.31622776601683794 -0.0999999999999992 1.4500000000000002 0.001 -0.3540000000000001 -0.246 2.259259259259259 0.23148148148148046 4.351851851851846 2.074074074074074 0.9722222222222212 
0.7943282347242812 0.31622776601683794 -0.0999999999999992 1.5 0.001 -0.387 -0.28500000000000014 2.735294117647066 0.2450980392156857 4.000000000000004 1.1666666666666703 3.0490196078431406 
0.7943282347242812 0.31622776601683794 -0.0999999999999992 1.55 0.001 -0.42799999999999994 -0.32899999999999974 3.2121212121212017 0.2626262626262646 3.5858585858585785 1.030303030303027 4.161616161616153 
0.7943282347242812 0.31622776601683794 -0.0999999999999992 1.6 0.001 -0.8820000000000001 -0.48199999999999976 0.2574999999999992 0.9099999999999989 0.06250000000000083 0.7774999999999992 0.24749999999999917 
0.7943282347242812 0.31622776601683794 -0.0999999999999992 1.6500000000000001 0.001 -0.8489999999999998 -0.5630000000000002 0.44055944055944235 1.4580419580419595 0.0909090909090919 0.9510489510489517 0.3601398601398614 
0.630957344480193 0.31622776601683794 -0.49999999999999956 1.6 0.001 -1.1139999999999999 -1.091 47.347826086956715 43.26086956521755 2.826086956521748 0.7391304347826267 1.5217391304347947 
1.9952623149688788 0.31622776601683794 8.881784197001252e-16 0.05 0.001 -1.329 -1.191 1.5000000000000016 7.173913043478268 0.4492753623188397 2.362318840579712 0.32608695652173886 
1.9952623149688788 0.31622776601683794 8.881784197001252e-16 3.1 0.001 -0.43699999999999983 -0.3969999999999998 8.624999999999986 1.1249999999999973 24.099999999999987 6.024999999999997 3.2 
1.9952623149688788 0.31622776601683794 0.05000000000000093 0.05 0.001 -1.297 -1.2409999999999999 7.589285714285708 2.982142857142851 17.3392857142857 1.0357142857142818 1.0357142857142896 
1.9952623149688788 0.31622776601683794 0.05000000000000093 3.1 0.001 -0.4419999999999997 -0.3799999999999999 1.0322580645161328 14.806451612903262 4.016129032258077 6.629032258064542 0.33870967741935426 
1.9952623149688788 1.0 8.881784197001252e-16 0.05 0.001 -0.899 -0.8069999999999999 4.0869565217391255 4.684782608695649 4.684782608695649 4.0869565217391255 1.0 
1.9952623149688788 1.0 8.881784197001252e-16 0.1 0.001 -0.9020000000000001 -0.7879999999999998 1.7105263157894675 5.201754385964898 5.201754385964898 1.7105263157894712 0.9999999999999961 
1.9952623149688788 1.0 8.881784197001252e-16 3.0500000000000003 0.001 -0.9039999999999999 -0.79 1.9298245614035126 5.0000000000000036 5.000000000000008 1.9298245614035086 1.0 
1.9952623149688788 1.0 8.881784197001252e-16 3.1 0.001 -0.8969999999999998 -0.8109999999999999 4.837209302325589 4.593023255813962 4.593023255813962 4.837209302325589 1.000000000000005 
0.7943282347242812 0.31622776601683794 -0.14999999999999925 1.55 0.01 -0.8689999999999998 -0.5179999999999998 0.1880341880341876 1.2962962962962965 1.4045584045584043 0.256410256410256 0.7094017094017098 
0.7943282347242812 0.31622776601683794 -0.14999999999999925 1.6 0.01 -0.8260000000000001 -0.605 0.4479638009049781 2.2714932126696814 2.0226244343891397 0.2850678733031681 1.6561085972850658 
0.7943282347242812 0.31622776601683794 -0.0999999999999992 1.5 0.01 -0.3740000000000001 -0.2999999999999998 4.1216216216216015 0.05405405405405389 5.8648648648648445 1.0675675675675658 4.472972972972955 
0.7943282347242812 0.31622776601683794 -0.0999999999999992 1.55 0.01 -0.4129999999999998 -0.34399999999999986 4.985507246376813 0.057971014492753714 5.536231884057977 0.9855072463768132 6.217391304347828 
0.7943282347242812 0.31622776601683794 -0.0999999999999992 1.6 0.01 -0.8809999999999998 -0.46399999999999997 0.16546762589928052 0.9352517985611518 0.009592326139088742 0.8081534772182252 0.16786570743405352 
0.7943282347242812 0.31622776601683794 -0.0999999999999992 1.6500000000000001 0.01 -0.8439999999999999 -0.5369999999999999 0.2736156351791534 1.4429967426710102 0.013029315960912067 0.9739413680781759 0.24429967426710017 
0.7943282347242812 0.31622776601683794 -0.0999999999999992 1.7000000000000002 0.01 -0.8119999999999998 -0.7029999999999998 1.660550458715597 4.660550458715597 0.01834862385320899 2.449541284403669 0.7522935779816542 
1.5848931924611125 0.1 8.881784197001252e-16 3.1 0.001 -0.12699999999999978 -0.11299999999999999 30.21428571428617 2.642857142857177 10.642857142857304 33.64285714285765 10.57142857142874 
1.5848931924611125 0.1 0.05000000000000093 3.0 0.001 -0.11499999999999977 -0.07299999999999995 7.80952380952384 5.904761904761936 2.5000000000000107 7.595238095238128 4.666666666666691 
