261
1.9952623149688788 0.31622776601683794 -0.049999999999999156 0.0 0.01 -1.327 -1.19 1.3722627737226272 9.518248175182482 0.5255474452554749 0.5328467153284667 
1.9952623149688788 0.31622776601683794 -0.049999999999999156 3.1 0.01 -0.44399999999999995 -0.3780000000000001 1.6212121212121284 20.63636363636369 1.1060606060606013 2.545454545454554 
1.9952623149688788 0.31622776601683794 8.881784197001252e-16 0.05 0.01 -1.328 -1.184 1.2569444444444438 7.451388888888883 2.2083333333333286 0.34027777777778007 
1.9952623149688788 0.31622776601683794 8.881784197001252e-16 0.1 0.01 -1.16 -1.1159999999999999 26.29545454545452 4.02272727272727 3.6818181818181768 1.409090909090914 
1.9952623149688788 0.31622776601683794 8.881784197001252e-16 3.0500000000000003 0.01 -0.4419999999999997 -0.3809999999999998 2.8688524590163933 2.622950819672136 18.803278688524603 1.0 
1.9952623149688788 0.31622776601683794 8.881784197001252e-16 3.1 0.01 -0.43500000000000005 -0.391 7.159090909090901 23.95454545454544 4.840909090909078 3.0454545454545503 
1.9952623149688788 0.31622776601683794 0.05000000000000093 0.0 0.01 -1.327 -1.19 1.3722627737226272 9.518248175182482 0.5255474452554749 0.5328467153284667 
1.9952623149688788 0.31622776601683794 0.05000000000000093 3.1 0.01 -0.44099999999999984 -0.3740000000000001 0.5970149253731373 14.134328358209014 3.910447761194046 5.656716417910477 
1.9952623149688788 1.0 -0.0999999999999992 0.0 0.01 -0.911 -0.7709999999999999 0.5214285714285707 9.971428571428563 0.5214285714285707 0.9928571428571437 
1.9952623149688788 1.0 -0.049999999999999156 0.0 0.01 -0.9039999999999999 -0.7919999999999998 1.8839285714285685 10.383928571428564 1.874999999999998 0.999999999999996 
1.9952623149688788 1.0 -0.049999999999999156 0.05 0.01 -0.907 -0.778 0.8372093023255821 8.953488372093021 2.689922480620158 0.15503875968991918 
1.9952623149688788 1.0 -0.049999999999999156 3.1 0.01 -0.879 -0.8199999999999998 5.406779661016933 19.61016949152537 2.084745762711855 2.203389830508474 
1.9952623149688788 1.0 0.05000000000000093 0.0 0.01 -0.9039999999999999 -0.7919999999999998 1.8839285714285685 10.383928571428564 1.874999999999998 0.999999999999996 
1.9952623149688788 1.0 0.05000000000000093 0.05 0.01 -0.8519999999999999 -0.8319999999999999 17.349999999999984 57.749999999999936 5.4 6.449999999999995 
1.9952623149688788 1.0 0.05000000000000093 3.1 0.01 -0.9089999999999998 -0.7789999999999999 0.9461538461538452 8.900000000000007 2.453846153846159 0.45384615384615207 
1.9952623149688788 1.0 0.10000000000000098 0.0 0.01 -0.911 -0.7709999999999999 0.5214285714285707 9.971428571428563 0.5214285714285707 0.9928571428571437 
0.9999999999999994 0.01 -0.049999999999999156 1.2000000000000002 0.001 -0.1379999999999999 -0.10699999999999976 2.741935483870954 0.8387096774193447 2.419354838709672 0.8387096774193447 
0.9999999999999994 0.01 -0.049999999999999156 1.9500000000000002 0.001 -0.10499999999999998 -0.08000000000000007 3.0400000000000134 1.0400000000000136 3.480000000000002 1.120000000000005 
0.9999999999999994 0.03162277660168379 -0.049999999999999156 1.85 0.001 -0.18299999999999983 -0.1160000000000001 1.5970149253731438 0.8358208955223922 2.7164179104477713 0.1641791044776144 
0.9999999999999994 0.1 -0.0999999999999992 1.2000000000000002 0.001 -0.39800000000000013 -0.375 12.478260869565142 5.17391304347824 13.478260869565142 0.6086956521739004 
0.9999999999999994 0.1 -0.0999999999999992 1.25 0.001 -0.4079999999999999 -0.3500000000000001 4.362068965517256 2.137931034482767 4.931034482758636 0.5 
0.9999999999999994 0.1 -0.0999999999999992 1.9000000000000001 0.001 -0.34399999999999986 -0.31800000000000006 11.15384615384624 4.76923076923081 9.961538461538535 2.1153846153846376 
0.9999999999999994 0.1 -0.0999999999999992 1.9500000000000002 0.001 -0.35699999999999976 -0.34499999999999975 26.083333333333286 9.833333333333314 23.416666666666657 2.5833333333333424 
0.9999999999999994 0.1 -0.049999999999999156 1.3 0.001 -0.41500000000000004 -0.355 5.733333333333326 0.5666666666666703 2.949999999999998 2.0499999999999945 
0.9999999999999994 0.1 -0.049999999999999156 1.35 0.001 -0.41000000000000014 -0.383 13.592592592592524 1.3703703703703607 5.740740740740721 5.296296296296262 
0.9999999999999994 0.1 -0.049999999999999156 1.4000000000000001 0.001 -0.35699999999999976 -0.039000000000000146 0.08176100628930905 0.10377358490566024 0.4213836477987423 0.5125786163522027 
0.9999999999999994 0.1 -0.049999999999999156 1.4500000000000002 0.001 -0.3420000000000001 -0.053999999999999826 0.14236111111111072 0.10763888888888927 0.40277777777777624 0.6354166666666671 
0.9999999999999994 0.1 -0.049999999999999156 1.5 0.001 -0.33099999999999996 -0.06899999999999995 0.209923664122138 0.11832061068702172 0.37404580152671874 0.7748091603053429 
0.9999999999999994 0.1 -0.049999999999999156 1.55 0.001 -0.32499999999999973 -0.08400000000000007 0.2863070539419089 0.12448132780083108 0.34439834024896204 0.9253112033195047 
0.9999999999999994 0.1 -0.049999999999999156 1.6 0.001 -0.31999999999999984 -0.10000000000000009 0.3818181818181826 0.13636363636363766 0.3045454545454536 1.1136363636363653 
0.9999999999999994 0.1 -0.049999999999999156 1.6500000000000001 0.001 -0.31800000000000006 -0.11799999999999988 0.5049999999999994 0.15500000000000055 0.26 1.3349999999999984 
0.9999999999999994 0.1 -0.049999999999999156 1.7000000000000002 0.001 -0.3169999999999997 -0.137 0.6611111111111133 0.1722222222222208 0.21111111111111286 1.6277777777777787 
0.9999999999999994 0.1 -0.049999999999999156 1.75 0.001 -0.31800000000000006 -0.15700000000000003 0.8509316770186335 0.20496894409937833 0.14285714285714365 2.0124223602484457 
0.9999999999999994 0.1 -0.049999999999999156 1.8 0.001 -0.31999999999999984 -0.18000000000000016 1.1357142857142901 0.2714285714285707 2.6714285714285784 0.10714285714285827 
0.9999999999999994 0.31622776601683794 -0.14999999999999925 1.1500000000000001 0.001 -0.5960000000000001 -0.54 8.107142857142852 2.678571428571425 0.0892857142857123 11.214285714285706 
0.9999999999999994 0.31622776601683794 -0.14999999999999925 1.4000000000000001 0.001 -0.472 -0.21099999999999985 0.8620689655172413 0.08045977011494214 1.8084291187739454 0.08429118773946279 
0.9999999999999994 0.31622776601683794 -0.14999999999999925 1.4500000000000002 0.001 -0.47299999999999986 -0.246 1.11013215859031 0.09691629955947052 1.8942731277533058 0.23788546255506546 
0.9999999999999994 0.31622776601683794 -0.14999999999999925 1.5 0.001 -0.476 -0.2839999999999998 1.4739583333333317 0.11458333333333218 2.0208333333333335 0.4635416666666661 
0.9999999999999994 0.31622776601683794 -0.14999999999999925 1.55 0.001 -0.48099999999999987 -0.32499999999999973 2.025641025641023 0.14743589743589816 2.2307692307692277 0.8076923076923063 
0.9999999999999994 0.31622776601683794 -0.14999999999999925 1.6 0.001 -0.4889999999999999 -0.3700000000000001 2.974789915966393 0.19327731092437123 2.613445378151265 1.361344537815128 
0.9999999999999994 0.31622776601683794 -0.14999999999999925 1.6500000000000001 0.001 -0.5 -0.4169999999999998 4.759036144578303 0.2650602409638524 3.3373493975903554 2.385542168674693 
0.9999999999999994 0.31622776601683794 -0.14999999999999925 1.7000000000000002 0.001 -0.5150000000000001 -0.46599999999999975 8.918367346938703 0.4285714285714234 5.040816326530571 4.755102040816292 
0.9999999999999994 0.31622776601683794 -0.14999999999999925 1.75 0.001 -0.5329999999999999 -0.5150000000000001 26.61111111111142 1.111111111111125 12.277777777777922 14.833333333333497 
0.9999999999999994 0.31622776601683794 -0.14999999999999925 2.0 0.001 -0.7010000000000001 -0.06999999999999984 0.006339144215530907 0.2361331220285261 0.7385103011093496 0.07131537242472252 
0.7943282347242812 0.01 -0.4499999999999995 1.55 0.001 -0.19199999999999973 -0.16699999999999982 1.0399999999999958 12.080000000000044 1.4800000000000022 0.3200000000000014 
0.7943282347242812 0.03162277660168379 -0.049999999999999156 0.7000000000000001 0.001 -0.028999999999999915 -0.01399999999999979 2.1333333333333178 25.933333333333103 1.200000000000006 7.799999999999935 
0.7943282347242812 0.03162277660168379 -0.049999999999999156 0.75 0.001 -0.03100000000000014 -0.016000000000000014 2.266666666666665 20.933333333333135 13.666666666666558 0.20000000000000592 
0.7943282347242812 0.03162277660168379 -0.049999999999999156 2.4000000000000004 0.001 -0.54 -0.5310000000000001 21.000000000000245 36.00000000000045 3.7777777777778 1.6666666666666996 
0.7943282347242812 0.03162277660168379 8.881784197001252e-16 0.6000000000000001 0.001 -0.05799999999999983 0.01200000000000001 0.07142857142857006 4.585714285714299 2.000000000000006 0.9714285714285745 
0.7943282347242812 0.03162277660168379 8.881784197001252e-16 0.65 0.001 -0.05600000000000005 0.01200000000000001 0.07352941176470425 3.441176470588232 4.176470588235294 0.10294117647058987 
0.7943282347242812 0.03162277660168379 8.881784197001252e-16 2.5 0.001 -0.5419999999999998 -0.5289999999999999 20.53846153846169 18.846153846154 0.38461538461537936 5.307692307692345 
0.7943282347242812 0.03162277660168379 8.881784197001252e-16 2.5500000000000003 0.001 -0.5470000000000002 -0.4590000000000001 1.1136363636363662 3.909090909090904 0.05681818181818055 0.8068181818181831 
0.7943282347242812 0.03162277660168379 0.05000000000000093 0.45 0.001 -0.1200000000000001 -0.02300000000000013 1.5360824742268047 2.4020618556701048 1.2061855670103094 0.8865979381443332 
0.7943282347242812 0.03162277660168379 0.10000000000000098 2.8000000000000003 0.001 -0.5670000000000002 -0.5449999999999999 4.590909090909039 1.68181818181816 16.81818181818164 12.590909090908958 
0.7943282347242812 0.1 -0.39999999999999947 1.4500000000000002 0.001 -0.54 -0.44700000000000006 0.8387096774193582 3.9892473118279583 5.709677419354837 0.1505376344086047 
0.7943282347242812 0.1 -0.39999999999999947 1.7000000000000002 0.001 -0.5510000000000002 -0.5390000000000001 44.74999999999999 30.499999999999943 6.0833333333333615 8.249999999999972 
0.7943282347242812 0.1 -0.3499999999999994 1.55 0.001 -0.5779999999999998 -0.47699999999999987 0.7623762376237622 3.9702970297029694 4.217821782178221 1.2772277227722775 
0.7943282347242812 0.1 -0.3499999999999994 1.6 0.001 -0.5539999999999998 -0.43199999999999994 3.5327868852459052 3.23770491803279 0.5819672131147524 0.9262295081967258 
0.7943282347242812 0.1 -0.2999999999999994 1.5 0.001 -0.359 -0.33499999999999996 14.083333333333323 17.374999999999975 3.041666666666662 4.708333333333329 
0.7943282347242812 0.1 -0.2999999999999994 1.6500000000000001 0.001 -0.6019999999999999 -0.5070000000000001 0.8631578947368475 4.442105263157903 3.505263157894748 0.24210526315789677 
0.7943282347242812 0.1 -0.24999999999999933 1.4000000000000001 0.001 -0.2639999999999998 -0.254 26.30000000000055 43.20000000000096 8.20000000000016 9.600000000000213 
0.7943282347242812 0.1 -0.24999999999999933 1.4500000000000002 0.001 -0.28600000000000003 -0.2759999999999998 28.29999999999934 39.89999999999908 4.399999999999903 18.099999999999586 
0.7943282347242812 0.1 -0.24999999999999933 1.7000000000000002 0.001 -0.633 -0.45999999999999996 0.2774566473988441 2.341040462427744 1.612716763005782 0.05780346820809124 
0.7943282347242812 0.1 -0.24999999999999933 1.75 0.001 -0.6120000000000001 -0.5449999999999999 1.4626865671641733 6.5223880597014805 3.8955223880596868 0.13432835820895997 
0.7943282347242812 0.1 -0.1999999999999993 1.3 0.001 -0.19899999999999984 -0.18999999999999995 23.000000000000245 48.88888888888944 13.888888888889097 5.00000000000005 
0.7943282347242812 0.1 -0.1999999999999993 1.35 0.001 -0.21399999999999997 -0.20599999999999996 27.5 50.62499999999993 5.624999999999986 23.375000000000014 
0.7943282347242812 0.1 -0.1999999999999993 1.8 0.001 -0.6480000000000001 -0.4750000000000001 0.2890173410404639 2.3699421965317895 1.2601156069364157 0.052023121387285196 
0.7943282347242812 0.1 -0.1999999999999993 1.85 0.001 -0.625 -0.5779999999999998 2.4255319148936065 9.489361702127633 4.361702127659562 0.19148936170212486 
0.7943282347242812 0.1 -0.14999999999999925 1.25 0.001 -0.16400000000000015 -0.14800000000000013 10.625000000000014 25.18749999999998 2.9999999999999725 11.375000000000014 
0.7943282347242812 0.1 -0.14999999999999925 1.3 0.001 -0.17499999999999982 -0.16000000000000014 11.933333333333605 24.53333333333385 1.6666666666666963 17.000000000000384 
0.7943282347242812 0.1 -0.14999999999999925 1.85 0.001 -0.6680000000000001 -0.4209999999999998 0.11336032388663962 1.5141700404858265 0.7165991902834 0.060728744939271675 
0.7943282347242812 0.1 -0.14999999999999925 1.9000000000000001 0.001 -0.6499999999999999 -0.4870000000000001 0.33742331288343697 2.5092024539877316 1.0368098159509216 0.09815950920245418 
0.7943282347242812 0.1 -0.0999999999999992 1.2000000000000002 0.001 -0.137 -0.10499999999999998 4.062499999999993 11.09374999999999 0.7812500000000104 8.46874999999999 
0.7943282347242812 0.1 -0.0999999999999992 1.9500000000000002 0.001 -0.673 -0.41400000000000015 0.10424710424710482 1.3938223938223953 0.4980694980694983 0.12741312741312716 
0.7943282347242812 0.1 -0.049999999999999156 1.1 0.001 -0.11499999999999977 -0.040999999999999925 0.8918918918918916 4.513513513513524 0.3243243243243253 3.8918918918919037 
0.7943282347242812 0.1 -0.049999999999999156 1.1500000000000001 0.001 -0.11799999999999988 -0.04700000000000015 0.9718309859155022 4.1267605633802935 0.2535211267605677 4.9859154929577665 
0.7943282347242812 0.1 -0.049999999999999156 2.0 0.001 -0.6859999999999999 -0.33999999999999986 0.05202312138728263 0.8670520231213878 0.19653179190751457 0.2080924855491318 
0.7943282347242812 0.1 -0.049999999999999156 2.0500000000000003 0.001 -0.6659999999999999 -0.39400000000000013 0.09926470588235352 1.257352941176472 0.2389705882352941 0.2720588235294114 
0.7943282347242812 0.1 8.881784197001252e-16 0.9500000000000001 0.001 -0.10699999999999976 0.04400000000000004 2.2251655629139093 0.41721854304635925 0.80794701986755 0.5827814569536437 
0.7943282347242812 0.1 8.881784197001252e-16 1.0 0.001 -0.10699999999999976 0.04700000000000015 1.707792207792208 0.18181818181818207 2.071428571428572 0.01948051948052023 
0.7943282347242812 0.1 8.881784197001252e-16 2.15 0.001 -0.6579999999999999 -0.6480000000000001 29.900000000000674 2.800000000000062 27.50000000000058 15.30000000000033 
0.7943282347242812 0.1 0.05000000000000093 0.8500000000000001 0.001 -0.11699999999999999 0.15900000000000025 0.37681159420289695 0.27173913043478304 0.6920289855072451 0.4420289855072472 
0.7943282347242812 0.1 0.05000000000000093 2.3000000000000003 0.001 -0.6520000000000001 -0.4910000000000001 0.7204968944099384 0.5031055900621114 0.9068322981366452 1.6459627329192552 
0.7943282347242812 0.1 0.20000000000000107 0.5 0.001 -0.31899999999999995 0.1070000000000002 0.7300469483568071 0.32629107981220595 0.20657276995305174 0.039906103286384734 
0.7943282347242812 0.31622776601683794 -0.24999999999999933 1.4500000000000002 0.001 -0.835 -0.6219999999999999 0.5539906103286377 2.4647887323943647 3.5446009389671365 0.11737089201877889 
0.7943282347242812 0.31622776601683794 -0.24999999999999933 1.7000000000000002 0.001 -0.8050000000000002 -0.786 40.15789473684183 27.315789473684035 5.78947368421048 12.263157894736764 
0.7943282347242812 0.31622776601683794 -0.1999999999999993 1.5 0.001 -0.855 -0.581 0.3759124087591248 1.7883211678832107 2.2883211678832125 0.5583941605839416 
0.7943282347242812 0.31622776601683794 -0.1999999999999993 1.6 0.001 -0.7949999999999999 -0.5869999999999997 2.79807692307692 2.524038461538459 0.75 0.6874999999999984 
0.7943282347242812 0.31622776601683794 -0.1999999999999993 1.6500000000000001 0.001 -0.7930000000000001 -0.6499999999999999 4.454545454545447 3.3776223776223726 0.6853146853146832 2.027972027972025 
0.7943282347242812 0.31622776601683794 -0.0999999999999992 1.25 0.001 -0.266 -0.1280000000000001 1.0797101449275373 0.13768115942029088 5.6956521739130475 0.10869565217391403 
0.7943282347242812 0.31622776601683794 -0.0999999999999992 1.3 0.001 -0.2839999999999998 -0.15300000000000002 1.2824427480916063 0.16030534351144995 5.412213740458025 0.5877862595419854 
0.7943282347242812 0.31622776601683794 -0.0999999999999992 1.35 0.001 -0.30299999999999994 -0.18000000000000016 1.536585365853662 0.1869918699187006 5.073170731707327 1.2682926829268326 
0.7943282347242812 0.31622776601683794 -0.0999999999999992 1.4000000000000001 0.001 -0.32600000000000007 -0.21099999999999985 1.8608695652173877 0.21739130434782492 4.713043478260863 2.1043478260869524 
0.7943282347242812 0.31622776601683794 -0.0999999999999992 1.7000000000000002 0.001 -0.819 -0.5049999999999999 1.531847133757961 0.07961783439490416 0.7611464968152876 0.3471337579617833 
0.7943282347242812 0.31622776601683794 -0.0999999999999992 1.75 0.001 -0.8109999999999999 -0.5840000000000001 2.44933920704846 0.10572687224669619 0.9251101321585907 0.5110132158590316 
0.7943282347242812 0.31622776601683794 -0.0999999999999992 1.8 0.001 -0.8130000000000002 -0.6709999999999998 4.4929577464788615 0.16197183098591603 1.3028169014084479 0.8802816901408429 
0.7943282347242812 0.31622776601683794 -0.0999999999999992 1.85 0.001 -0.8239999999999998 -0.7599999999999998 11.296874999999988 0.3281249999999983 2.5625 2.0781249999999982 
0.7943282347242812 0.31622776601683794 -0.0999999999999992 1.9000000000000001 0.001 -0.8460000000000001 -0.8380000000000001 99.62499999999993 2.3750000000000138 18.24999999999997 17.5 
0.7943282347242812 0.31622776601683794 -0.049999999999999156 1.4000000000000001 0.001 -0.2679999999999998 0.08499999999999996 0.9150141643059495 0.4872521246458931 0.6288951841359777 0.0821529745042491 
0.7943282347242812 0.31622776601683794 -0.049999999999999156 1.5 0.001 -0.31000000000000005 -0.08800000000000008 0.8828828828828837 0.6486486486486494 0.7117117117117114 2.1711711711711703 
0.7943282347242812 0.31622776601683794 -0.049999999999999156 1.6500000000000001 0.001 -0.891 -0.41900000000000004 0.3262711864406778 0.3411016949152543 0.3940677966101694 0.47457627118644113 
0.7943282347242812 0.31622776601683794 -0.049999999999999156 1.75 0.001 -0.827 -0.7730000000000001 2.9629629629629752 3.518518518518529 6.277777777777797 6.462962962962988 
0.7943282347242812 0.31622776601683794 0.20000000000000107 2.25 0.001 -0.8239999999999998 -0.7850000000000001 4.102564102564138 5.897435897435942 13.641025641025745 0.923076923076931 
0.7943282347242812 1.0 -0.1999999999999993 1.9000000000000001 0.001 -0.07600000000000007 -0.05799999999999983 30.722222222221813 13.611111111110937 8.833333333333206 1.1111111111110974 
0.7943282347242812 1.0 -0.14999999999999925 1.3 0.001 -0.9260000000000002 -0.8969999999999998 7.137931034482665 9.241379310344707 13.137931034482603 4.310344827586154 
0.7943282347242812 1.0 -0.14999999999999925 1.85 0.001 -0.08499999999999996 0.040999999999999925 2.888888888888894 1.9761904761904752 2.1507936507936556 0.05555555555555301 
0.7943282347242812 1.0 -0.049999999999999156 1.55 0.001 -0.9119999999999999 -0.669 1.382716049382718 2.4732510288065854 2.3333333333333335 0.3539094650205775 
0.7943282347242812 1.0 -0.049999999999999156 1.6 0.001 -0.9239999999999999 -0.859 9.215384615384625 9.507692307692313 3.9846153846153864 4.523076923076927 
0.7943282347242812 1.0 -0.049999999999999156 1.7000000000000002 0.001 -1.004 -0.20399999999999974 0.6162499999999996 0.4537499999999998 0.11874999999999965 0.2175000000000004 
0.7943282347242812 1.0 8.881784197001252e-16 1.4500000000000002 0.001 -0.9449999999999998 -0.9409999999999998 148.7499999999998 172.9999999999999 148.74999999999991 1.0 
0.7943282347242812 1.0 8.881784197001252e-16 1.5 0.001 -0.9209999999999998 -0.7959999999999998 2.783999999999999 7.167999999999999 2.7840000000000025 1.0 
0.7943282347242812 1.0 8.881784197001252e-16 1.6500000000000001 0.001 -0.9239999999999999 -0.8319999999999999 4.4565217391304275 9.173913043478256 4.456521739130433 0.9999999999999952 
0.7943282347242812 1.0 0.05000000000000093 1.55 0.001 -0.9209999999999998 -0.835 6.593023255813967 6.988372093023267 3.9069767441860512 2.8255813953488405 
0.7943282347242812 1.0 0.05000000000000093 1.6 0.001 -0.911 -0.617 0.8809523809523805 2.1020408163265314 2.0374149659863936 0.22108843537414946 
0.7943282347242812 1.0 0.05000000000000093 1.7000000000000002 0.001 -0.9209999999999998 -0.7469999999999999 0.5459770114942517 2.086206896551725 2.833333333333336 4.597701149425291 
0.7943282347242812 1.0 0.15000000000000102 1.3 0.001 -0.08400000000000007 0.040999999999999925 3.048000000000002 2.1439999999999984 1.6560000000000024 0.23199999999999932 
0.7943282347242812 1.0 0.15000000000000102 1.85 0.001 -0.9319999999999999 -0.9249999999999998 38.714285714285054 35.571428571427994 51.99999999999911 17.999999999999684 
0.7943282347242812 1.0 0.20000000000000107 1.9000000000000001 0.001 -0.919 -0.899 7.9500000000000055 12.249999999999972 27.649999999999995 0.8999999999999889 
0.630957344480193 0.03162277660168379 8.881784197001252e-16 0.45 0.001 -0.028999999999999915 0.008000000000000007 0.13513513513513253 25.351351351351408 0.5945945945945904 0.9729729729729879 
0.630957344480193 0.03162277660168379 8.881784197001252e-16 2.7 0.001 -1.015 -0.9950000000000001 2.4000000000000266 46.700000000000486 0.24999999999999722 1.850000000000015 
0.630957344480193 0.1 -0.049999999999999156 0.8 0.001 -0.04599999999999982 -0.028999999999999915 3.7058823529412073 53.94117647058853 4.6470588235294485 3.117647058823543 
0.630957344480193 0.1 0.05000000000000093 0.7000000000000001 0.001 -0.08000000000000007 0.04200000000000026 0.3196721311475377 7.25409836065572 0.46721311475409294 0.5081967213114763 
0.630957344480193 0.31622776601683794 -0.5499999999999996 1.6500000000000001 0.001 -1.176 -0.0040000000000000036 0.8293515358361775 0.03924914675767941 0.05972696245733813 0.004266211604095472 
0.630957344480193 0.31622776601683794 -0.0999999999999992 1.25 0.001 -0.17799999999999994 -0.17600000000000016 104.00000000001155 466.5000000000515 109.500000000012 13.500000000001554 
0.630957344480193 0.31622776601683794 -0.0999999999999992 1.9000000000000001 0.001 -1.21 -1.156 2.814814814814811 17.981481481481467 3.8333333333333273 0.03703703703704115 
0.630957344480193 0.31622776601683794 -0.049999999999999156 1.2000000000000002 0.001 -0.13099999999999978 -0.027000000000000135 0.6250000000000059 8.951923076923103 1.8846153846153926 0.4615384615384635 
0.630957344480193 0.31622776601683794 -0.049999999999999156 1.9500000000000002 0.001 -1.2129999999999999 -1.131 1.4024390243902463 11.926829268292707 0.7560975609756091 1.292682926829269 
0.630957344480193 0.31622776601683794 0.05000000000000093 1.1 0.001 -0.08599999999999985 0.17100000000000026 0.25291828793774285 2.980544747081709 0.4552529182879375 0.3696498054474731 
0.630957344480193 0.31622776601683794 0.10000000000000098 1.05 0.001 -0.08400000000000007 0.0030000000000001137 2.8620689655172367 9.011494252873547 0.6781609195402201 1.3563218390804606 
0.630957344480193 0.31622776601683794 0.10000000000000098 2.1 0.001 -1.216 -1.125 0.956043956043956 8.53846153846154 2.8461538461538507 0.9560439560439535 
0.630957344480193 1.0 -0.049999999999999156 1.5 0.001 -1.301 -1.275 33.38461538461535 11.19230769230768 8.11538461538462 49.03846153846149 
0.630957344480193 1.0 -0.049999999999999156 1.6500000000000001 0.001 -1.375 -0.09499999999999975 0.16718749999999993 0.2273437499999999 0.6921875 0.007031249999999571 
0.630957344480193 1.0 8.881784197001252e-16 1.5 0.001 -1.3359999999999999 -0.2719999999999998 0.06954887218045097 0.37218045112781944 0.06954887218045139 1.0 
0.630957344480193 1.0 8.881784197001252e-16 1.6500000000000001 0.001 -1.345 -0.2549999999999999 0.05688073394495397 0.35412844036697255 0.05688073394495397 0.9999999999999998 
0.630957344480193 1.0 0.05000000000000093 1.5 0.001 -1.3699999999999999 -0.09499999999999975 0.16549019607843124 0.22823529411764698 0.6807843137254904 0.02039215686274494 
0.630957344480193 1.0 0.05000000000000093 1.6500000000000001 0.001 -1.305 -1.296 98.44444444444557 32.33333333333375 23.777777777778045 142.22222222222382 
1.9952623149688788 0.1 8.881784197001252e-16 3.1 0.001 -0.16599999999999993 -0.1509999999999998 9.5999999999999 87.3999999999993 5.866666666666624 9.199999999999918 
1.9952623149688788 0.31622776601683794 -0.049999999999999156 0.0 0.001 -1.328 -1.197 1.6183206106870243 9.68702290076336 0.7328244274809133 0.5114503816793906 
1.9952623149688788 0.31622776601683794 -0.049999999999999156 3.1 0.001 -0.44399999999999995 -0.3839999999999999 2.183333333333328 22.199999999999978 1.5166666666666686 2.699999999999996 
1.9952623149688788 0.31622776601683794 8.881784197001252e-16 0.1 0.001 -1.166 -1.1039999999999999 17.83870967741934 2.6290322580645107 3.5645161290322562 0.9193548387096756 
1.9952623149688788 0.31622776601683794 8.881784197001252e-16 3.0 0.001 -0.43900000000000006 -0.383 2.589285714285712 4.232142857142855 20.76785714285712 0.05357142857143055 
1.9952623149688788 0.31622776601683794 8.881784197001252e-16 3.0500000000000003 0.001 -0.44300000000000006 -0.387 4.2499999999999964 2.6250000000000018 19.464285714285694 1.4464285714285774 
1.9952623149688788 0.31622776601683794 0.05000000000000093 0.0 0.001 -1.328 -1.197 1.6183206106870243 9.68702290076336 0.7328244274809133 0.5114503816793906 
1.9952623149688788 0.31622776601683794 0.05000000000000093 0.1 0.001 -1.322 -1.184 1.4782608695652157 3.3405797101449237 6.369565217391298 0.1811594202898575 
1.9952623149688788 0.31622776601683794 0.05000000000000093 3.0500000000000003 0.001 -0.3839999999999999 -0.3540000000000001 30.633333333333535 12.66666666666676 8.166666666666723 4.400000000000018 
1.9952623149688788 1.0 -0.0999999999999992 0.0 0.001 -0.911 -0.778 0.6992481203007517 10.300751879699249 0.6992481203007517 1.0 
1.9952623149688788 1.0 -0.049999999999999156 0.0 0.001 -0.9049999999999998 -0.7989999999999999 2.254716981132077 10.56603773584907 2.254716981132077 1.0000000000000042 
1.9952623149688788 1.0 -0.049999999999999156 0.05 0.001 -0.9079999999999999 -0.7839999999999998 1.056451612903223 8.975806451612895 3.0564516129032233 0.2983870967741927 
1.9952623149688788 1.0 -0.049999999999999156 3.1 0.001 -0.883 -0.8279999999999998 6.381818181818163 20.27272727272721 2.6909090909090856 2.2363636363636337 
1.9952623149688788 1.0 0.05000000000000093 0.0 0.001 -0.9049999999999998 -0.7989999999999999 2.254716981132077 10.56603773584907 2.254716981132077 1.0000000000000042 
1.9952623149688788 1.0 0.05000000000000093 0.05 0.001 -0.8759999999999999 -0.839 10.243243243243265 30.081081081081145 3.540540540540554 3.3513513513513495 
1.9952623149688788 1.0 0.05000000000000093 3.1 0.001 -0.9089999999999998 -0.786 1.2032520325203284 9.06504065040652 2.8536585365853746 0.44715447154471394 
1.9952623149688788 1.0 0.10000000000000098 0.0 0.001 -0.911 -0.778 0.6992481203007517 10.300751879699249 0.6992481203007517 1.0 
0.7943282347242812 0.1 -0.3499999999999994 1.55 0.01 -0.573 -0.45999999999999996 0.4690265486725658 3.6106194690265485 3.8318584070796486 1.0 
0.7943282347242812 0.1 -0.3499999999999994 1.6 0.01 -0.5459999999999998 -0.43999999999999995 4.14150943396227 3.801886792452835 0.45283018867924624 1.1792452830188693 
0.7943282347242812 0.1 -0.049999999999999156 2.1 0.01 -0.645 -0.6149999999999998 5.733333333333276 13.899999999999894 2.2999999999999794 2.0333333333333146 
0.7943282347242812 0.31622776601683794 -0.24999999999999933 1.4500000000000002 0.01 -0.831 -0.6029999999999998 0.39035087719298195 2.346491228070172 3.3640350877192966 0.017543859649122806 
0.7943282347242812 0.31622776601683794 -0.24999999999999933 1.6500000000000001 0.01 -0.7810000000000001 -0.7359999999999998 16.04444444444431 12.64444444444434 3.466666666666641 1.711111111111096 
0.7943282347242812 0.31622776601683794 -0.1999999999999993 1.5 0.01 -0.8529999999999998 -0.5630000000000002 0.2551724137931048 1.7275862068965537 2.200000000000003 0.4689655172413804 
0.7943282347242812 0.31622776601683794 -0.1999999999999993 1.55 0.01 -0.8050000000000002 -0.6699999999999999 0.9555555555555539 4.037037037037029 4.325925925925919 1.4962962962962933 
0.7943282347242812 0.31622776601683794 -0.1999999999999993 1.6 0.01 -0.7890000000000001 -0.5979999999999999 3.104712041884812 2.8115183246073254 0.5916230366492138 0.87434554973822 
0.7943282347242812 0.31622776601683794 -0.1999999999999993 1.6500000000000001 0.01 -0.786 -0.661 5.184000000000001 3.951999999999998 0.5600000000000023 2.4399999999999977 
0.7943282347242812 0.31622776601683794 -0.049999999999999156 1.5 0.01 -0.29800000000000004 -0.09600000000000009 0.8861386138613877 0.9752475247524758 0.5544554455445528 2.4752475247524757 
0.7943282347242812 0.31622776601683794 -0.049999999999999156 1.6500000000000001 0.01 -0.8900000000000001 -0.4009999999999998 0.2229038854805724 0.4294478527607358 0.34969325153374176 0.41922290388548045 
0.7943282347242812 0.31622776601683794 -0.049999999999999156 1.75 0.01 -0.819 -0.8069999999999999 20.24999999999997 9.916666666666677 31.166666666666647 27.24999999999997 
0.7943282347242812 1.0 -0.049999999999999156 1.55 0.01 -0.9049999999999998 -0.7029999999999998 2.0495049504950487 2.638613861386141 3.0247524752475243 0.29207920792079295 
0.7943282347242812 1.0 -0.049999999999999156 1.6 0.01 -0.9169999999999998 -0.8769999999999998 15.999999999999979 13.524999999999997 8.89999999999999 6.099999999999989 
0.7943282347242812 1.0 -0.049999999999999156 1.7000000000000002 0.01 -1.003 -0.18999999999999995 0.5965559655596555 0.32349323493234977 0.3038130381303812 0.13407134071340712 
0.7943282347242812 1.0 8.881784197001252e-16 1.5 0.01 -0.9140000000000001 -0.8249999999999997 4.764044943820202 9.011235955056138 4.764044943820202 0.999999999999995 
0.7943282347242812 1.0 8.881784197001252e-16 1.6500000000000001 0.01 -0.9169999999999998 -0.8559999999999999 7.7540983606557425 12.55737704918034 7.770491803278699 0.9836065573770509 
0.7943282347242812 1.0 0.05000000000000093 1.55 0.01 -0.9140000000000001 -0.855 10.355932203389806 9.033898305084719 7.033898305084727 3.406779661016941 
0.7943282347242812 1.0 0.05000000000000093 1.6 0.01 -0.9039999999999999 -0.6600000000000001 1.4590163934426257 2.2172131147541 2.622950819672134 0.1639344262295085 
0.7943282347242812 1.0 0.05000000000000093 1.7000000000000002 0.01 -0.9140000000000001 -0.8039999999999998 2.2363636363636297 2.390909090909083 4.409090909090895 7.390909090909071 
2.5118864315095784 0.31622776601683794 8.881784197001252e-16 0.05 0.01 -1.6139999999999999 -1.609 387.00000000000824 30.200000000000603 8.200000000000248 9.400000000000142 
2.5118864315095784 0.31622776601683794 8.881784197001252e-16 3.1 0.01 -0.5640000000000001 -0.52 1.1818181818181819 3.090909090909091 43.7272727272727 0.613636363636346 
2.5118864315095784 1.0 -0.049999999999999156 0.0 0.01 -1.165 -1.074 0.6043956043956064 22.395604395604405 0.6043956043956015 1.0000000000000024 
2.5118864315095784 1.0 0.05000000000000093 0.0 0.01 -1.165 -1.074 0.6043956043956064 22.395604395604405 0.6043956043956015 1.0000000000000024 
0.5011872336272721 0.31622776601683794 0.05000000000000093 1.05 0.001 -0.051000000000000156 0.027000000000000135 1.307692307692301 18.7692307692307 1.2179487179487103 0.11538461538461933 
0.5011872336272721 1.0 -0.049999999999999156 1.55 0.001 -1.759 -1.736 4.04347826086958 69.82608695652202 3.217391304347832 76.60869565217423 
0.5011872336272721 1.0 8.881784197001252e-16 1.6 0.001 -1.779 -0.16699999999999982 0.025434243176178612 0.15632754342431748 0.025434243176178886 0.9999999999999998 
0.5011872336272721 1.0 0.05000000000000093 1.55 0.001 -1.799 -0.03699999999999992 0.04199772985244032 0.9114642451759364 0.05278093076049942 0.013053348467650723 
1.2589254117941662 0.01 8.881784197001252e-16 0.05 0.001 -0.6699999999999999 -0.5259999999999998 1.5972222222222208 0.1597222222222199 0.9513888888888882 1.0069444444444438 
1.2589254117941662 0.31622776601683794 -0.1999999999999993 1.5 0.001 -0.2709999999999999 -0.20100000000000007 2.6571428571428624 0.7571428571428643 3.8000000000000087 0.18571428571428472 
1.2589254117941662 0.31622776601683794 -0.1999999999999993 1.55 0.001 -0.28600000000000003 -0.2370000000000001 4.3673469387755155 1.0816326530612337 4.857142857142864 0.6326530612244844 
1.2589254117941662 0.31622776601683794 -0.1999999999999993 1.6 0.001 -0.30200000000000005 -0.274 8.678571428571416 1.8928571428571548 7.464285714285695 1.8571428571428572 
1.2589254117941662 0.31622776601683794 -0.1999999999999993 1.6500000000000001 0.001 -0.32099999999999973 -0.31000000000000005 24.63636363636435 4.7272727272728705 16.545454545455065 6.7272727272729105 
0.9999999999999994 0.1 -0.0999999999999992 1.25 0.01 -0.4079999999999999 -0.3380000000000001 3.3285714285714376 1.8857142857142917 4.242857142857154 0.1285714285714274 
0.39810717055349715 0.31622776601683794 0.05000000000000093 2.1 0.001 -2.266 -2.249 0.8823529411764829 126.41176470588307 6.470588235294147 0.41176470588236214 
0.39810717055349715 1.0 8.881784197001252e-16 1.55 0.001 -2.341 -0.09499999999999975 0.00845948352626878 0.06767586821015142 0.008459483526268978 0.9999999999999998 
0.39810717055349715 1.0 8.881784197001252e-16 1.6 0.001 -2.349 -0.09600000000000009 0.009764758100310803 0.06569019085663545 0.009764758100310803 1.0 
1.5848931924611125 0.01 8.881784197001252e-16 3.1 0.001 -0.01200000000000001 0.016999999999999904 0.5172413793103506 30.93103448275872 1.034482758620686 4.689655172413795 
1.5848931924611125 0.03162277660168379 8.881784197001252e-16 0.05 0.001 -1.129 -0.9659999999999997 0.6687116564417167 4.877300613496924 0.613496932515337 0.03067484662576617 
1.5848931924611125 0.03162277660168379 8.881784197001252e-16 3.1 0.001 -0.04300000000000015 -0.03799999999999981 20.599999999998563 154.9999999999895 26.79999999999826 29.799999999997993 
1.5848931924611125 0.1 -0.049999999999999156 0.0 0.001 -1.1239999999999999 -0.9539999999999997 1.6764705882352908 4.141176470588233 0.3941176470588216 0.20588235294117713 
1.5848931924611125 0.1 -0.049999999999999156 0.05 0.001 -1.15 -0.9169999999999998 0.6051502145922745 3.4463519313304705 0.3090128755364808 0.1673819742489257 
1.5848931924611125 0.1 -0.049999999999999156 3.1 0.001 -0.1379999999999999 -0.10000000000000009 1.8684210526315927 20.78947368421063 4.23684210526318 5.947368421052649 
1.5848931924611125 0.1 8.881784197001252e-16 0.05 0.001 -1.1219999999999999 -0.9579999999999997 2.426829268292679 1.7804878048780488 2.3170731707317045 0.0975609756097561 
1.5848931924611125 0.1 8.881784197001252e-16 0.1 0.001 -1.138 -0.9209999999999998 0.8110599078340998 2.6313364055299537 1.3041474654377871 0.09677419354838664 
1.5848931924611125 0.1 8.881784197001252e-16 3.0500000000000003 0.001 -0.1299999999999999 -0.10899999999999999 13.95238095238102 25.666666666666764 9.666666666666723 10.14285714285719 
1.5848931924611125 0.1 0.05000000000000093 0.0 0.001 -1.1239999999999999 -0.9539999999999997 1.6764705882352908 4.141176470588233 0.3941176470588216 0.20588235294117713 
1.5848931924611125 0.1 0.05000000000000093 0.05 0.001 -1.061 -1.038 22.34782608695661 24.739130434782705 2.652173913043486 1.217391304347832 
1.5848931924611125 0.1 0.05000000000000093 0.15000000000000002 0.001 -0.9220000000000002 -0.673 0.9236947791164654 0.8273092369477907 1.2570281124497993 0.16064257028112458 
1.5848931924611125 0.1 0.05000000000000093 0.2 0.001 -0.903 -0.823 6.387499999999996 1.9624999999999986 3.174999999999997 0.3 
1.5848931924611125 0.1 0.05000000000000093 0.25 0.001 -0.8980000000000001 -0.8900000000000001 79.87499999999996 18.374999999999957 28.624999999999986 0.7500000000000278 
1.5848931924611125 0.1 0.05000000000000093 2.9000000000000004 0.001 -0.129 -0.121 29.0 18.499999999999943 77.87499999999996 1.8750000000000138 
1.5848931924611125 0.1 0.05000000000000093 2.95 0.001 -0.121 -0.09499999999999975 10.038461538461432 6.153846153846101 18.499999999999822 3.7692307692307456 
1.5848931924611125 0.1 0.05000000000000093 3.1 0.001 -0.1349999999999998 -0.10499999999999998 2.0666666666666744 19.80000000000014 15.66666666666676 1.7000000000000164 
1.5848931924611125 0.1 0.10000000000000098 0.25 0.001 -0.8999999999999999 -0.7919999999999998 2.990740740740738 1.21296296296296 0.04629629629629938 4.7037037037037 
1.5848931924611125 0.31622776601683794 -0.0999999999999992 0.0 0.001 -1.028 -0.8039999999999998 1.5937499999999976 2.3169642857142843 0.85267857142857 0.4330357142857138 
1.5848931924611125 0.31622776601683794 -0.0999999999999992 0.05 0.001 -1.035 -0.7879999999999998 0.9352226720647764 2.4696356275303626 0.8340080971659913 0.40890688259109287 
1.5848931924611125 0.31622776601683794 -0.0999999999999992 3.1 0.001 -0.3599999999999999 -0.2589999999999999 2.009900990099009 5.900990099009903 2.4752475247524757 2.4257425742574275 
1.5848931924611125 0.31622776601683794 -0.049999999999999156 0.1 0.001 -1.024 -0.7959999999999998 1.8201754385964897 0.3991228070175424 2.517543859649122 0.22807017543859454 
1.5848931924611125 0.31622776601683794 0.10000000000000098 0.0 0.001 -1.028 -0.8039999999999998 1.5937499999999976 2.3169642857142843 0.85267857142857 0.4330357142857138 
1.5848931924611125 0.31622776601683794 0.10000000000000098 0.05 0.001 -1.001 -0.8329999999999997 2.9821428571428537 2.5654761904761885 1.0059523809523803 0.5178571428571409 
1.5848931924611125 0.31622776601683794 0.10000000000000098 3.0500000000000003 0.001 -0.33899999999999997 -0.2749999999999999 2.2656249999999982 5.874999999999993 9.890624999999991 1.2968750000000018 
1.5848931924611125 0.31622776601683794 0.10000000000000098 3.1 0.001 -0.35599999999999987 -0.2669999999999999 1.9438202247191023 5.0 5.3483146067415746 2.022471910112357 
1.5848931924611125 1.0 -0.14999999999999925 0.0 0.001 -0.7239999999999998 -0.5289999999999999 1.2461538461538466 2.9333333333333362 1.2461538461538466 1.0000000000000022 
1.5848931924611125 1.0 -0.14999999999999925 0.05 0.001 -0.71 -0.5329999999999999 1.0 3.2881355932203373 1.7118644067796602 1.084745762711865 
1.5848931924611125 1.0 -0.14999999999999925 3.1 0.001 -0.7229999999999999 -0.5289999999999999 1.5154639175257738 2.9845360824742264 0.9690721649484547 0.9381443298969071 
1.5848931924611125 1.0 8.881784197001252e-16 0.45 0.001 -0.589 -0.552 4.567567567567578 20.702702702702748 4.567567567567578 1.0 
1.5848931924611125 1.0 8.881784197001252e-16 2.7 0.001 -0.585 -0.5209999999999999 1.6875 12.90624999999999 1.6874999999999931 1.0 
1.5848931924611125 1.0 0.15000000000000102 0.0 0.001 -0.7239999999999998 -0.5289999999999999 1.2461538461538466 2.9333333333333362 1.2461538461538466 1.0000000000000022 
1.5848931924611125 1.0 0.15000000000000102 0.05 0.001 -0.7210000000000001 -0.5289999999999999 1.5781249999999982 3.0312499999999964 0.9218749999999994 0.9218749999999994 
1.5848931924611125 1.0 0.15000000000000102 3.1 0.001 -0.714 -0.532 1.0329670329670342 3.181318681318681 1.615384615384616 1.065934065934066 
0.630957344480193 0.31622776601683794 -0.049999999999999156 1.2000000000000002 0.01 -0.12299999999999978 -0.007000000000000117 0.3189655172413834 8.241379310344852 1.6896551724137996 0.20689655172413873 
0.630957344480193 0.31622776601683794 -0.049999999999999156 1.85 0.01 -1.258 -0.42700000000000005 0.48134777376654625 0.04572803850782221 0.10348977135980729 0.04572803850782221 
0.630957344480193 0.31622776601683794 -0.049999999999999156 1.9500000000000002 0.01 -1.207 -1.149 1.3620689655172395 17.91379310344826 0.6551724137931073 1.9827586206896495 
0.630957344480193 0.31622776601683794 0.10000000000000098 2.1 0.01 -1.208 -1.15 1.1551724137931014 14.15517241379309 4.775862068965515 1.0862068965517184 
0.630957344480193 1.0 8.881784197001252e-16 1.5 0.01 -1.335 -0.27700000000000014 0.09168241965973534 0.34026465028355424 0.09168241965973534 1.0 
2.5118864315095784 0.31622776601683794 8.881784197001252e-16 0.05 0.001 -1.621 -1.597 79.95833333333326 5.708333333333329 2.7083333333333286 1.7083333333333288 
2.5118864315095784 0.31622776601683794 8.881784197001252e-16 3.1 0.001 -0.565 -0.5259999999999998 1.9743589743589658 3.1794871794871704 48.87179487179469 1.1282051282051135 
2.5118864315095784 1.0 -0.049999999999999156 0.0 0.001 -1.166 -1.081 0.8823529411764705 23.670588235294133 0.882352941176473 1.0 
2.5118864315095784 1.0 -0.049999999999999156 0.05 0.001 -1.074 -1.072 944.4999999999993 34.999999999999886 114.99999999999989 14.000000000000222 
2.5118864315095784 1.0 -0.049999999999999156 3.1 0.001 -1.141 -1.1219999999999999 10.947368421052545 5.6842105263157565 98.42105263157829 0.47368421052633053 
2.5118864315095784 1.0 0.05000000000000093 0.0 0.001 -1.166 -1.081 0.8823529411764705 23.670588235294133 0.882352941176473 1.0 
2.5118864315095784 1.0 0.05000000000000093 0.05 0.001 -1.145 -1.117 8.214285714285706 2.499999999999992 67.46428571428567 0.0714285714285635 
2.5118864315095784 1.0 0.05000000000000093 3.1 0.001 -1.073 -1.064 207.77777777778016 12.000000000000147 23.111111111111345 2.1111111111111494 
0.5011872336272721 1.0 8.881784197001252e-16 1.55 0.01 -1.766 -1.595 8.637426900584794 1.3801169590643259 8.637426900584792 1.0000000000000013 
1.5848931924611125 0.03162277660168379 8.881784197001252e-16 0.05 0.01 -1.128 -0.9579999999999997 0.511764705882351 4.947058823529408 0.047058823529411764 0.32941176470588235 
1.5848931924611125 0.1 -0.049999999999999156 0.0 0.01 -1.123 -0.9460000000000002 1.4463276836158219 4.254237288135598 0.18644067796610142 0.23163841807909585 
1.5848931924611125 0.1 -0.049999999999999156 0.05 0.01 -1.15 -0.911 0.5020920502092058 3.5271966527196668 0.17573221757322108 0.1841004184100421 
1.5848931924611125 0.1 -0.049999999999999156 3.1 0.01 -0.1379999999999999 -0.09399999999999986 0.9090909090909091 18.86363636363635 3.1590909090909016 5.2954545454545325 
1.5848931924611125 0.1 8.881784197001252e-16 0.1 0.01 -1.138 -0.9140000000000001 0.6651785714285723 2.8125000000000044 1.0669642857142863 0.10714285714285736 
1.5848931924611125 0.1 8.881784197001252e-16 3.0500000000000003 0.01 -0.12699999999999978 -0.10499999999999998 11.181818181818285 27.40909090909117 7.95454545454552 10.000000000000101 
1.5848931924611125 0.1 0.05000000000000093 0.0 0.01 -1.123 -0.9460000000000002 1.4463276836158219 4.254237288135598 0.18644067796610142 0.23163841807909585 
1.5848931924611125 0.1 0.05000000000000093 3.0 0.01 -0.1080000000000001 0.30400000000000027 0.2281553398058247 0.6601941747572805 0.6067961165048539 0.49271844660194203 
1.5848931924611125 0.1 0.05000000000000093 3.1 0.01 -0.1339999999999999 -0.09899999999999975 0.6857142857142835 18.714285714285634 12.342857142857104 0.7714285714285468 
1.5848931924611125 0.31622776601683794 -0.0999999999999992 0.0 0.01 -1.027 -0.7970000000000002 1.4000000000000017 2.5130434782608733 0.6695652173913047 0.44782608695652115 
1.5848931924611125 0.31622776601683794 -0.0999999999999992 0.05 0.01 -1.035 -0.782 0.8023715415019778 2.604743083003953 0.6837944664031625 0.41897233201580997 
1.5848931924611125 0.31622776601683794 -0.0999999999999992 3.1 0.01 -0.3599999999999999 -0.2530000000000001 1.588785046728979 6.028037383177583 2.065420560747665 2.355140186915895 
1.5848931924611125 0.31622776601683794 -0.049999999999999156 0.1 0.01 -1.024 -0.7890000000000001 1.39148936170213 1.144680851063829 2.0000000000000018 0.24255319148936158 
1.5848931924611125 0.31622776601683794 -0.049999999999999156 3.0500000000000003 0.01 -0.33699999999999974 -0.2749999999999999 7.838709677419372 3.387096774193564 5.983870967741952 3.7741935483870996 
1.5848931924611125 0.31622776601683794 0.10000000000000098 0.0 0.01 -1.027 -0.7970000000000002 1.4000000000000017 2.5130434782608733 0.6695652173913047 0.44782608695652115 
1.5848931924611125 0.31622776601683794 0.10000000000000098 0.05 0.01 -1.0 -0.8249999999999997 2.6228571428571366 2.8571428571428528 0.737142857142856 0.5200000000000004 
1.5848931924611125 0.31622776601683794 0.10000000000000098 3.1 0.01 -0.35599999999999987 -0.2610000000000001 1.4000000000000037 5.400000000000018 4.568421052631588 1.968421052631587 
1.5848931924611125 1.0 -0.14999999999999925 0.0 0.01 -0.7239999999999998 -0.5230000000000001 1.054726368159207 3.094527363184085 1.054726368159207 1.0000000000000022 
1.5848931924611125 1.0 -0.14999999999999925 3.1 0.01 -0.722 -0.5230000000000001 1.3165829145728654 3.155778894472365 0.7989949748743738 0.9447236180904516 
1.5848931924611125 1.0 0.15000000000000102 0.0 0.01 -0.7239999999999998 -0.5230000000000001 1.054726368159207 3.094527363184085 1.054726368159207 1.0000000000000022 
1.5848931924611125 1.0 0.15000000000000102 3.1 0.01 -0.714 -0.5259999999999998 0.845744680851062 3.3404255319148914 1.3936170212765946 1.0585106382978706 
1.2589254117941662 0.31622776601683794 -0.1999999999999993 1.55 0.01 -0.278 -0.2509999999999999 8.851851851851803 1.1851851851851802 9.740740740740689 0.2592592592592623 
