10
0.7943282347242812 0.1 -0.049999999999999156 2.1 0.001 -0.6520000000000001 -0.5829999999999997 0.8260869565217336 0.3188405797101402 1.1739130434782536 5.724637681159388 0.9130434782608667 1.1014492753623135 
0.630957344480193 1.0 8.881784197001252e-16 1.55 0.001 -1.298 -1.2429999999999999 16.690909090909045 1.5090909090909 8.799999999999974 1.5090909090909082 16.690909090909045 0.9999999999999919 
0.630957344480193 1.0 8.881784197001252e-16 1.6 0.001 -1.301 -1.269 29.56249999999997 2.875 14.437499999999979 2.875 29.56249999999998 1.0 
0.7943282347242812 0.31622776601683794 -0.0999999999999992 1.4500000000000002 0.01 -0.3420000000000001 -0.2610000000000001 3.3580246913580294 0.02469135802468865 6.12345679012346 1.7407407407407418 1.6049382716049432 0.4197530864197509 
2.5118864315095784 1.0 8.881784197001252e-16 0.05 0.01 -1.159 -1.074 0.6117647058823538 3.18823529411765 17.670588235294122 3.1882352941176526 0.6117647058823485 1.0 
2.5118864315095784 1.0 8.881784197001252e-16 3.1 0.01 -1.162 -1.078 0.8571428571428594 2.9523809523809574 18.03571428571432 2.9642857142857206 0.8452380952380935 1.0119047619047632 
0.5011872336272721 1.0 8.881784197001252e-16 1.55 0.001 -1.768 -1.592 8.107954545454549 0.19886363636363724 1.4772727272727266 0.19886363636363724 8.107954545454552 0.9999999999999962 
0.630957344480193 1.0 8.881784197001252e-16 1.55 0.01 -1.291 -1.26 32.612903225806534 0.935483870967756 14.193548387096811 0.9354838709677417 32.61290322580653 1.0000000000000215 
2.5118864315095784 1.0 8.881784197001252e-16 0.05 0.001 -1.16 -1.08 0.9000000000000025 3.2375000000000047 18.725000000000037 3.2375000000000047 0.9000000000000025 1.0000000000000029 
2.5118864315095784 1.0 8.881784197001252e-16 3.1 0.001 -1.163 -1.0839999999999999 1.1772151898734118 2.9873417721518947 19.113924050632864 2.9873417721518947 1.1772151898734202 0.9999999999999943 
